b'version: 8.01 /home/ubuntu/eval/lib/CorScorer.pm

METRIC muc:
====> (wb/Method_of_Fluxions); part 000:
File (wb/Method_of_Fluxions); part 000:
Entity 0: (0,2) (10,11) (43,44) (161,165)
Entity 1: (7,8) (24,25) (33,33) (40,40) (70,70) (76,76) (97,98) (122,122) (137,138) (161,162) (196,196) (200,200)
Entity 2: (22,22) (203,203)
Entity 3: (59,62) (89,90)
Entity 4: (105,106) (108,108) (134,134) (173,174)
Entity 5: (108,109) (115,115) (177,178) (191,192)
====> (wb/Method_of_Fluxions); part 000:
File (wb/Method_of_Fluxions); part 000:
Entity 0: (10,11) (22,22) (24,24) (24,25) (33,33) (40,40) (43,44) (70,70) (76,76) (97,97) (97,98) (105,106) (108,108) (115,115) (122,122) (134,134) (137,137) (137,138) (161,161) (161,162) (165,165) (173,173) (173,174) (177,178) (184,186) (191,192) (196,196) (200,200) (203,203)
(wb/Method_of_Fluxions); part 000:
Total key mentions: 28
Total response mentions: 29
Strictly correct identified mentions: 22
Partially correct identified mentions: 0
No identified: 6
Invented: 7
Recall: (17 / 22) 77.27%\tPrecision: (17 / 28) 60.71%\tF1: 68%
--------------------------------------------------------------------------
====> (wb/Blood_on_the_Tracks); part 000:
File (wb/Blood_on_the_Tracks); part 000:
Entity 0: (0,3) (23,24) (44,45) (55,72) (86,86) (88,88) (114,117) (120,120) (162,163) (186,186) (206,207) (242,243) (295,298) (331,332) (426,429) (546,547) (764,765) (773,775) (827,830) (842,844)
Entity 1: (12,13) (26,27) (67,68) (97,97) (110,110) (134,134) (143,143) (247,248) (277,277) (287,287) (317,317) (322,322) (355,355) (386,387) (391,391) (397,397) (408,408) (415,415) (423,423) (448,448) (459,459) (463,463) (470,470) (521,521) (540,540) (561,561) (564,564) (589,589) (627,627) (639,639) (642,642) (700,701) (704,704) (746,746) (791,791) (812,812)
Entity 2: (20,21) (30,30) (280,281) (567,572) (767,767) (823,823)
Entity 3: (138,139) (151,152) (289,309) (346,347) (358,359) (461,462) (472,472) (487,487) (497,497) (505,505)
Entity 4: (143,146) (154,154)
Entity 5: (319,320) (336,337) (349,350)
Entity 6: (364,365) (379,380) (405,405)
Entity 7: (367,368) (383,384) (402,402)
Entity 8: (439,452) (476,476) (480,480) (495,495) (518,518) (528,528)
Entity 9: (450,452) (725,727)
Entity 10: (483,484) (510,510)
Entity 11: (600,608) (613,613)
Entity 12: (653,654) (658,659)
Entity 13: (672,673) (675,675)
Entity 14: (672,678) (694,694)
Entity 15: (675,678) (710,711)
====> (wb/Blood_on_the_Tracks); part 000:
File (wb/Blood_on_the_Tracks); part 000:
Entity 0: (20,20) (23,24) (26,26) (26,27) (30,30) (44,45) (55,56) (67,68) (86,86) (88,88) (97,97) (101,101) (110,110) (120,120) (134,134) (138,139) (143,143) (151,152) (162,163) (186,186) (206,207) (242,243) (247,248) (277,277) (280,280) (287,287) (289,290) (297,298) (317,317) (320,320) (319,320) (322,322) (328,329) (331,332) (336,336) (336,337) (346,347) (349,349) (349,350) (355,355) (358,359) (364,365) (367,368) (380,380) (379,380) (383,383) (384,384) (383,384) (386,386) (386,387) (391,391) (397,397) (402,402) (405,405) (435,436) (474,474) (483,484) (518,518) (519,519) (518,519) (561,561) (586,586) (584,586) (589,589) (594,595) (615,615) (653,654) (659,659) (658,659) (692,692) (704,704) (812,812) (823,823)
(wb/Blood_on_the_Tracks); part 000:
Total key mentions: 103
Total response mentions: 73
Strictly correct identified mentions: 48
Partially correct identified mentions: 0
No identified: 55
Invented: 25
Recall: (38 / 87) 43.67%\tPrecision: (38 / 72) 52.77%\tF1: 47.79%
--------------------------------------------------------------------------
====> (wb/Rhodes_piano); part 000:
File (wb/Rhodes_piano); part 000:
Entity 0: (0,2) (16,16) (41,49) (51,51) (76,77) (79,87) (97,99) (112,112) (178,179) (356,357) (379,380) (558,558) (792,796) (819,822) (989,990) (1082,1084) (1201,1203) (1241,1243) (1368,1369)
Entity 1: (10,11) (196,197) (221,221) (245,245) (291,292) (310,310) (433,433) (437,437) (441,441) (700,700) (698,700) (727,727) (779,780) (784,785) (788,788) (799,799) (835,835) (1122,1122) (1231,1234) (1591,1591)
Entity 2: (30,30) (425,427) (438,438) (493,493) (894,894)
Entity 3: (33,33) (429,429) (896,896)
Entity 4: (38,38) (423,423) (444,444) (625,625) (675,675) (692,692) (730,730) (891,891)
Entity 5: (57,67) (997,998) (1023,1024)
Entity 6: (66,67) (1027,1028) (1320,1322)
Entity 7: (105,105) (710,711)
Entity 8: (123,123) (1524,1525) (1567,1568)
Entity 9: (159,159) (665,665) (1130,1130)
Entity 10: (169,171) (295,298) (812,814)
Entity 11: (181,181) (805,805) (808,808)
Entity 12: (183,183) (199,201)
Entity 13: (185,189) (223,225) (261,265) (277,279)
Entity 14: (268,268) (271,271)
Entity 15: (304,304) (1188,1188)
Entity 16: (316,317) (1410,1411) (1420,1420)
Entity 17: (323,328) (871,872)
Entity 18: (341,357) (460,462) (869,873)
Entity 19: (367,370) (464,465) (912,914)
Entity 20: (386,387) (1421,1421)
Entity 21: (394,396) (401,405)
Entity 22: (451,455) (482,484) (965,967) (1395,1403) (1406,1407) (1415,1415) (1416,1416) (1439,1439) (1479,1479)
Entity 23: (469,474) (900,903)
Entity 24: (478,484) (552,554) (932,938)
Entity 25: (536,539)
Entity 26: (576,576) (931,931) (1269,1269)
Entity 27: (620,620) (712,712)
Entity 28: (643,643) (979,979)
Entity 29: (647,651) (1042,1044)
Entity 30: (668,671) (846,850) (1119,1122) (1136,1136)
Entity 31: (724,724) (737,737) (776,776) (1239,1239)
Entity 32: (726,728) (787,789)
Entity 33: (816,822) (824,827) (829,829)
Entity 34: (956,958) (1498,1502)
Entity 35: (963,963) (1476,1477) (1510,1511)
Entity 36: (1076,1078)
Entity 37: (1094,1097) (1104,1104)
Entity 38: (1180,1184) (1216,1218)
Entity 39: (1227,1229) (1236,1236)
Entity 40: (1247,1248) (1277,1279) (1296,1300)
Entity 41: (1374,1375) (1390,1391) (1428,1429)
Entity 42: (1529,1530) (1570,1571)
Entity 43: (1590,1592) (1595,1595)
Entity 44: (1624,1632) (1635,1637)
====> (wb/Rhodes_piano); part 000:
File (wb/Rhodes_piano); part 000:
Entity 0: (4,6) (11,11) (10,11) (16,16) (30,30) (38,38) (51,51) (77,77) (76,77) (84,86) (98,99) (97,99) (112,112) (149,151) (169,169) (169,171) (178,179) (185,189) (192,193) (191,193) (197,197) (196,197) (207,208) (221,221) (223,225) (233,234) (245,245) (261,265) (292,292) (291,292) (295,298) (310,310) (320,321) (328,328) (326,328) (337,338) (341,345) (356,357) (368,369) (379,380) (402,403) (401,405) (421,422) (444,444) (627,627) (627,628) (647,649) (655,656) (655,657) (698,699) (726,726) (737,737) (772,773) (780,780) (827,827) (826,827) (825,827) (824,827) (850,850) (912,912) (1060,1060) (1125,1125) (1177,1178) (1239,1239)
Entity 1: (196,196) (1124,1125)
Entity 2: (200,200) (199,200)
Entity 3: (394,396) (401,403) (794,795) (1428,1430)
Entity 4: (787,789) (1657,1658)
Entity 5: (920,920) (1453,1454)
Entity 6: (924,928) (1429,1429) (1429,1430) (1452,1454)
(wb/Rhodes_piano); part 000:
Total key mentions: 161
Total response mentions: 80
Strictly correct identified mentions: 28
Partially correct identified mentions: 0
No identified: 133
Invented: 52
Recall: (17 / 116) 14.65%\tPrecision: (17 / 73) 23.28%\tF1: 17.98%
--------------------------------------------------------------------------

====== TOTALS =======
Identification of Mentions: Recall: (98 / 292) 33.56%\tPrecision: (98 / 182) 53.84%\tF1: 41.35%
--------------------------------------------------------------------------
Coreference: Recall: (72 / 225) 32%\tPrecision: (72 / 173) 41.61%\tF1: 36.18%
--------------------------------------------------------------------------

METRIC bcub:
====> (wb/Method_of_Fluxions); part 000:
File (wb/Method_of_Fluxions); part 000:
Entity 0: (0,2) (10,11) (43,44) (161,165)
Entity 1: (7,8) (24,25) (33,33) (40,40) (70,70) (76,76) (97,98) (122,122) (137,138) (161,162) (196,196) (200,200)
Entity 2: (22,22) (203,203)
Entity 3: (59,62) (89,90)
Entity 4: (105,106) (108,108) (134,134) (173,174)
Entity 5: (108,109) (115,115) (177,178) (191,192)
====> (wb/Method_of_Fluxions); part 000:
File (wb/Method_of_Fluxions); part 000:
Entity 0: (10,11) (22,22) (24,24) (24,25) (33,33) (40,40) (43,44) (70,70) (76,76) (97,97) (97,98) (105,106) (108,108) (115,115) (122,122) (134,134) (137,137) (137,138) (161,161) (161,162) (165,165) (173,173) (173,174) (177,178) (184,186) (191,192) (196,196) (200,200) (203,203)
(wb/Method_of_Fluxions); part 000:
Total key mentions: 28
Total response mentions: 29
Strictly correct identified mentions: 22
Partially correct identified mentions: 0
No identified: 6
Invented: 7
Recall: (19.3333333333333 / 28) 69.04%\tPrecision: (5.31034482758621 / 29) 18.31%\tF1: 28.94%
--------------------------------------------------------------------------
====> (wb/Blood_on_the_Tracks); part 000:
File (wb/Blood_on_the_Tracks); part 000:
Entity 0: (0,3) (23,24) (44,45) (55,72) (86,86) (88,88) (114,117) (120,120) (162,163) (186,186) (206,207) (242,243) (295,298) (331,332) (426,429) (546,547) (764,765) (773,775) (827,830) (842,844)
Entity 1: (12,13) (26,27) (67,68) (97,97) (110,110) (134,134) (143,143) (247,248) (277,277) (287,287) (317,317) (322,322) (355,355) (386,387) (391,391) (397,397) (408,408) (415,415) (423,423) (448,448) (459,459) (463,463) (470,470) (521,521) (540,540) (561,561) (564,564) (589,589) (627,627) (639,639) (642,642) (700,701) (704,704) (746,746) (791,791) (812,812)
Entity 2: (20,21) (30,30) (280,281) (567,572) (767,767) (823,823)
Entity 3: (138,139) (151,152) (289,309) (346,347) (358,359) (461,462) (472,472) (487,487) (497,497) (505,505)
Entity 4: (143,146) (154,154)
Entity 5: (319,320) (336,337) (349,350)
Entity 6: (364,365) (379,380) (405,405)
Entity 7: (367,368) (383,384) (402,402)
Entity 8: (439,452) (476,476) (480,480) (495,495) (518,518) (528,528)
Entity 9: (450,452) (725,727)
Entity 10: (483,484) (510,510)
Entity 11: (600,608) (613,613)
Entity 12: (653,654) (658,659)
Entity 13: (672,673) (675,675)
Entity 14: (672,678) (694,694)
Entity 15: (675,678) (710,711)
====> (wb/Blood_on_the_Tracks); part 000:
File (wb/Blood_on_the_Tracks); part 000:
Entity 0: (20,20) (23,24) (26,26) (26,27) (30,30) (44,45) (55,56) (67,68) (86,86) (88,88) (97,97) (101,101) (110,110) (120,120) (134,134) (138,139) (143,143) (151,152) (162,163) (186,186) (206,207) (242,243) (247,248) (277,277) (280,280) (287,287) (289,290) (297,298) (317,317) (320,320) (319,320) (322,322) (328,329) (331,332) (336,336) (336,337) (346,347) (349,349) (349,350) (355,355) (358,359) (364,365) (367,368) (380,380) (379,380) (383,383) (384,384) (383,384) (386,386) (386,387) (391,391) (397,397) (402,402) (405,405) (435,436) (474,474) (483,484) (518,518) (519,519) (518,519) (561,561) (586,586) (584,586) (589,589) (594,595) (615,615) (653,654) (659,659) (658,659) (692,692) (704,704) (812,812) (823,823)
(wb/Blood_on_the_Tracks); part 000:
Total key mentions: 103
Total response mentions: 73
Strictly correct identified mentions: 48
Partially correct identified mentions: 0
No identified: 55
Invented: 25
Recall: (28.9611111111111 / 103) 28.11%\tPrecision: (7.04109589041095 / 73) 9.64%\tF1: 14.36%
--------------------------------------------------------------------------
====> (wb/Rhodes_piano); part 000:
File (wb/Rhodes_piano); part 000:
Entity 0: (0,2) (16,16) (41,49) (51,51) (76,77) (79,87) (97,99) (112,112) (178,179) (356,357) (379,380) (558,558) (792,796) (819,822) (989,990) (1082,1084) (1201,1203) (1241,1243) (1368,1369)
Entity 1: (10,11) (196,197) (221,221) (245,245) (291,292) (310,310) (433,433) (437,437) (441,441) (700,700) (698,700) (727,727) (779,780) (784,785) (788,788) (799,799) (835,835) (1122,1122) (1231,1234) (1591,1591)
Entity 2: (30,30) (425,427) (438,438) (493,493) (894,894)
Entity 3: (33,33) (429,429) (896,896)
Entity 4: (38,38) (423,423) (444,444) (625,625) (675,675) (692,692) (730,730) (891,891)
Entity 5: (57,67) (997,998) (1023,1024)
Entity 6: (66,67) (1027,1028) (1320,1322)
Entity 7: (105,105) (710,711)
Entity 8: (123,123) (1524,1525) (1567,1568)
Entity 9: (159,159) (665,665) (1130,1130)
Entity 10: (169,171) (295,298) (812,814)
Entity 11: (181,181) (805,805) (808,808)
Entity 12: (183,183) (199,201)
Entity 13: (185,189) (223,225) (261,265) (277,279)
Entity 14: (268,268) (271,271)
Entity 15: (304,304) (1188,1188)
Entity 16: (316,317) (1410,1411) (1420,1420)
Entity 17: (323,328) (871,872)
Entity 18: (341,357) (460,462) (869,873)
Entity 19: (367,370) (464,465) (912,914)
Entity 20: (386,387) (1421,1421)
Entity 21: (394,396) (401,405)
Entity 22: (451,455) (482,484) (965,967) (1395,1403) (1406,1407) (1415,1415) (1416,1416) (1439,1439) (1479,1479)
Entity 23: (469,474) (900,903)
Entity 24: (478,484) (552,554) (932,938)
Entity 25: (536,539)
Entity 26: (576,576) (931,931) (1269,1269)
Entity 27: (620,620) (712,712)
Entity 28: (643,643) (979,979)
Entity 29: (647,651) (1042,1044)
Entity 30: (668,671) (846,850) (1119,1122) (1136,1136)
Entity 31: (724,724) (737,737) (776,776) (1239,1239)
Entity 32: (726,728) (787,789)
Entity 33: (816,822) (824,827) (829,829)
Entity 34: (956,958) (1498,1502)
Entity 35: (963,963) (1476,1477) (1510,1511)
Entity 36: (1076,1078)
Entity 37: (1094,1097) (1104,1104)
Entity 38: (1180,1184) (1216,1218)
Entity 39: (1227,1229) (1236,1236)
Entity 40: (1247,1248) (1277,1279) (1296,1300)
Entity 41: (1374,1375) (1390,1391) (1428,1429)
Entity 42: (1529,1530) (1570,1571)
Entity 43: (1590,1592) (1595,1595)
Entity 44: (1624,1632) (1635,1637)
====> (wb/Rhodes_piano); part 000:
File (wb/Rhodes_piano); part 000:
Entity 0: (4,6) (11,11) (10,11) (16,16) (30,30) (38,38) (51,51) (77,77) (76,77) (84,86) (98,99) (97,99) (112,112) (149,151) (169,169) (169,171) (178,179) (185,189) (192,193) (191,193) (197,197) (196,197) (207,208) (221,221) (223,225) (233,234) (245,245) (261,265) (292,292) (291,292) (295,298) (310,310) (320,321) (328,328) (326,328) (337,338) (341,345) (356,357) (368,369) (379,380) (402,403) (401,405) (421,422) (444,444) (627,627) (627,628) (647,649) (655,656) (655,657) (698,699) (726,726) (737,737) (772,773) (780,780) (827,827) (826,827) (825,827) (824,827) (850,850) (912,912) (1060,1060) (1125,1125) (1177,1178) (1239,1239)
Entity 1: (196,196) (1124,1125)
Entity 2: (200,200) (199,200)
Entity 3: (394,396) (401,403) (794,795) (1428,1430)
Entity 4: (787,789) (1657,1658)
Entity 5: (920,920) (1453,1454)
Entity 6: (924,928) (1429,1429) (1429,1430) (1452,1454)
(wb/Rhodes_piano); part 000:
Total key mentions: 161
Total response mentions: 80
Strictly correct identified mentions: 28
Partially correct identified mentions: 0
No identified: 133
Invented: 52
Recall: (12.2850877192982 / 161) 7.63%\tPrecision: (2.6875 / 80) 3.35%\tF1: 4.66%
--------------------------------------------------------------------------

====== TOTALS =======
Identification of Mentions: Recall: (98 / 292) 33.56%\tPrecision: (98 / 182) 53.84%\tF1: 41.35%
--------------------------------------------------------------------------
Coreference: Recall: (60.5795321637427 / 292) 20.74%\tPrecision: (15.0389407179972 / 182) 8.26%\tF1: 11.81%
--------------------------------------------------------------------------

METRIC ceafm:
====> (wb/Rhodes_piano); part 000:
File (wb/Rhodes_piano); part 000:
Entity 0: (0,2) (16,16) (41,49) (51,51) (76,77) (79,87) (97,99) (112,112) (178,179) (356,357) (379,380) (558,558) (792,796) (819,822) (989,990) (1082,1084) (1201,1203) (1241,1243) (1368,1369)
Entity 1: (10,11) (196,197) (221,221) (245,245) (291,292) (310,310) (433,433) (437,437) (441,441) (700,700) (698,700) (727,727) (779,780) (784,785) (788,788) (799,799) (835,835) (1122,1122) (1231,1234) (1591,1591)
Entity 2: (30,30) (425,427) (438,438) (493,493) (894,894)
Entity 3: (33,33) (429,429) (896,896)
Entity 4: (38,38) (423,423) (444,444) (625,625) (675,675) (692,692) (730,730) (891,891)
Entity 5: (57,67) (997,998) (1023,1024)
Entity 6: (66,67) (1027,1028) (1320,1322)
Entity 7: (105,105) (710,711)
Entity 8: (123,123) (1524,1525) (1567,1568)
Entity 9: (159,159) (665,665) (1130,1130)
Entity 10: (169,171) (295,298) (812,814)
Entity 11: (181,181) (805,805) (808,808)
Entity 12: (183,183) (199,201)
Entity 13: (185,189) (223,225) (261,265) (277,279)
Entity 14: (268,268) (271,271)
Entity 15: (304,304) (1188,1188)
Entity 16: (316,317) (1410,1411) (1420,1420)
Entity 17: (323,328) (871,872)
Entity 18: (341,357) (460,462) (869,873)
Entity 19: (367,370) (464,465) (912,914)
Entity 20: (386,387) (1421,1421)
Entity 21: (394,396) (401,405)
Entity 22: (451,455) (482,484) (965,967) (1395,1403) (1406,1407) (1415,1415) (1416,1416) (1439,1439) (1479,1479)
Entity 23: (469,474) (900,903)
Entity 24: (478,484) (552,554) (932,938)
Entity 25: (536,539)
Entity 26: (576,576) (931,931) (1269,1269)
Entity 27: (620,620) (712,712)
Entity 28: (643,643) (979,979)
Entity 29: (647,651) (1042,1044)
Entity 30: (668,671) (846,850) (1119,1122) (1136,1136)
Entity 31: (724,724) (737,737) (776,776) (1239,1239)
Entity 32: (726,728) (787,789)
Entity 33: (816,822) (824,827) (829,829)
Entity 34: (956,958) (1498,1502)
Entity 35: (963,963) (1476,1477) (1510,1511)
Entity 36: (1076,1078)
Entity 37: (1094,1097) (1104,1104)
Entity 38: (1180,1184) (1216,1218)
Entity 39: (1227,1229) (1236,1236)
Entity 40: (1247,1248) (1277,1279) (1296,1300)
Entity 41: (1374,1375) (1390,1391) (1428,1429)
Entity 42: (1529,1530) (1570,1571)
Entity 43: (1590,1592) (1595,1595)
Entity 44: (1624,1632) (1635,1637)
====> (wb/Rhodes_piano); part 000:
File (wb/Rhodes_piano); part 000:
Entity 0: (4,6) (11,11) (10,11) (16,16) (30,30) (38,38) (51,51) (77,77) (76,77) (84,86) (98,99) (97,99) (112,112) (149,151) (169,169) (169,171) (178,179) (185,189) (192,193) (191,193) (197,197) (196,197) (207,208) (221,221) (223,225) (233,234) (245,245) (261,265) (292,292) (291,292) (295,298) (310,310) (320,321) (328,328) (326,328) (337,338) (341,345) (356,357) (368,369) (379,380) (402,403) (401,405) (421,422) (444,444) (627,627) (627,628) (647,649) (655,656) (655,657) (698,699) (726,726) (737,737) (772,773) (780,780) (827,827) (826,827) (825,827) (824,827) (850,850) (912,912) (1060,1060) (1125,1125) (1177,1178) (1239,1239)
Entity 1: (196,196) (1124,1125)
Entity 2: (200,200) (199,200)
Entity 3: (394,396) (401,403) (794,795) (1428,1430)
Entity 4: (787,789) (1657,1658)
Entity 5: (920,920) (1453,1454)
Entity 6: (924,928) (1429,1429) (1429,1430) (1452,1454)
(wb/Rhodes_piano); part 000:
Total key mentions: 161
Total response mentions: 80
Strictly correct identified mentions: 28
Partially correct identified mentions: 0
No identified: 133
Invented: 52
Recall: (10 / 161) 6.21%\tPrecision: (10 / 80) 12.5%\tF1: 8.29%
--------------------------------------------------------------------------
====> (wb/Blood_on_the_Tracks); part 000:
File (wb/Blood_on_the_Tracks); part 000:
Entity 0: (0,3) (23,24) (44,45) (55,72) (86,86) (88,88) (114,117) (120,120) (162,163) (186,186) (206,207) (242,243) (295,298) (331,332) (426,429) (546,547) (764,765) (773,775) (827,830) (842,844)
Entity 1: (12,13) (26,27) (67,68) (97,97) (110,110) (134,134) (143,143) (247,248) (277,277) (287,287) (317,317) (322,322) (355,355) (386,387) (391,391) (397,397) (408,408) (415,415) (423,423) (448,448) (459,459) (463,463) (470,470) (521,521) (540,540) (561,561) (564,564) (589,589) (627,627) (639,639) (642,642) (700,701) (704,704) (746,746) (791,791) (812,812)
Entity 2: (20,21) (30,30) (280,281) (567,572) (767,767) (823,823)
Entity 3: (138,139) (151,152) (289,309) (346,347) (358,359) (461,462) (472,472) (487,487) (497,497) (505,505)
Entity 4: (143,146) (154,154)
Entity 5: (319,320) (336,337) (349,350)
Entity 6: (364,365) (379,380) (405,405)
Entity 7: (367,368) (383,384) (402,402)
Entity 8: (439,452) (476,476) (480,480) (495,495) (518,518) (528,528)
Entity 9: (450,452) (725,727)
Entity 10: (483,484) (510,510)
Entity 11: (600,608) (613,613)
Entity 12: (653,654) (658,659)
Entity 13: (672,673) (675,675)
Entity 14: (672,678) (694,694)
Entity 15: (675,678) (710,711)
====> (wb/Blood_on_the_Tracks); part 000:
File (wb/Blood_on_the_Tracks); part 000:
Entity 0: (20,20) (23,24) (26,26) (26,27) (30,30) (44,45) (55,56) (67,68) (86,86) (88,88) (97,97) (101,101) (110,110) (120,120) (134,134) (138,139) (143,143) (151,152) (162,163) (186,186) (206,207) (242,243) (247,248) (277,277) (280,280) (287,287) (289,290) (297,298) (317,317) (320,320) (319,320) (322,322) (328,329) (331,332) (336,336) (336,337) (346,347) (349,349) (349,350) (355,355) (358,359) (364,365) (367,368) (380,380) (379,380) (383,383) (384,384) (383,384) (386,386) (386,387) (391,391) (397,397) (402,402) (405,405) (435,436) (474,474) (483,484) (518,518) (519,519) (518,519) (561,561) (586,586) (584,586) (589,589) (594,595) (615,615) (653,654) (659,659) (658,659) (692,692) (704,704) (812,812) (823,823)
(wb/Blood_on_the_Tracks); part 000:
Total key mentions: 103
Total response mentions: 73
Strictly correct identified mentions: 48
Partially correct identified mentions: 0
No identified: 55
Invented: 25
Recall: (19 / 103) 18.44%\tPrecision: (19 / 73) 26.02%\tF1: 21.59%
--------------------------------------------------------------------------
====> (wb/Method_of_Fluxions); part 000:
File (wb/Method_of_Fluxions); part 000:
Entity 0: (0,2) (10,11) (43,44) (161,165)
Entity 1: (7,8) (24,25) (33,33) (40,40) (70,70) (76,76) (97,98) (122,122) (137,138) (161,162) (196,196) (200,200)
Entity 2: (22,22) (203,203)
Entity 3: (59,62) (89,90)
Entity 4: (105,106) (108,108) (134,134) (173,174)
Entity 5: (108,109) (115,115) (177,178) (191,192)
====> (wb/Method_of_Fluxions); part 000:
File (wb/Method_of_Fluxions); part 000:
Entity 0: (10,11) (22,22) (24,24) (24,25) (33,33) (40,40) (43,44) (70,70) (76,76) (97,97) (97,98) (105,106) (108,108) (115,115) (122,122) (134,134) (137,137) (137,138) (161,161) (161,162) (165,165) (173,173) (173,174) (177,178) (184,186) (191,192) (196,196) (200,200) (203,203)
(wb/Method_of_Fluxions); part 000:
Total key mentions: 28
Total response mentions: 29
Strictly correct identified mentions: 22
Partially correct identified mentions: 0
No identified: 6
Invented: 7
Recall: (11 / 28) 39.28%\tPrecision: (11 / 29) 37.93%\tF1: 38.59%
--------------------------------------------------------------------------

====== TOTALS =======
Identification of Mentions: Recall: (98 / 292) 33.56%\tPrecision: (98 / 182) 53.84%\tF1: 41.35%
--------------------------------------------------------------------------
Coreference: Recall: (40 / 292) 13.69%\tPrecision: (40 / 182) 21.97%\tF1: 16.87%
--------------------------------------------------------------------------

METRIC ceafe:
====> (wb/Rhodes_piano); part 000:
File (wb/Rhodes_piano); part 000:
Entity 0: (0,2) (16,16) (41,49) (51,51) (76,77) (79,87) (97,99) (112,112) (178,179) (356,357) (379,380) (558,558) (792,796) (819,822) (989,990) (1082,1084) (1201,1203) (1241,1243) (1368,1369)
Entity 1: (10,11) (196,197) (221,221) (245,245) (291,292) (310,310) (433,433) (437,437) (441,441) (700,700) (698,700) (727,727) (779,780) (784,785) (788,788) (799,799) (835,835) (1122,1122) (1231,1234) (1591,1591)
Entity 2: (30,30) (425,427) (438,438) (493,493) (894,894)
Entity 3: (33,33) (429,429) (896,896)
Entity 4: (38,38) (423,423) (444,444) (625,625) (675,675) (692,692) (730,730) (891,891)
Entity 5: (57,67) (997,998) (1023,1024)
Entity 6: (66,67) (1027,1028) (1320,1322)
Entity 7: (105,105) (710,711)
Entity 8: (123,123) (1524,1525) (1567,1568)
Entity 9: (159,159) (665,665) (1130,1130)
Entity 10: (169,171) (295,298) (812,814)
Entity 11: (181,181) (805,805) (808,808)
Entity 12: (183,183) (199,201)
Entity 13: (185,189) (223,225) (261,265) (277,279)
Entity 14: (268,268) (271,271)
Entity 15: (304,304) (1188,1188)
Entity 16: (316,317) (1410,1411) (1420,1420)
Entity 17: (323,328) (871,872)
Entity 18: (341,357) (460,462) (869,873)
Entity 19: (367,370) (464,465) (912,914)
Entity 20: (386,387) (1421,1421)
Entity 21: (394,396) (401,405)
Entity 22: (451,455) (482,484) (965,967) (1395,1403) (1406,1407) (1415,1415) (1416,1416) (1439,1439) (1479,1479)
Entity 23: (469,474) (900,903)
Entity 24: (478,484) (552,554) (932,938)
Entity 25: (536,539)
Entity 26: (576,576) (931,931) (1269,1269)
Entity 27: (620,620) (712,712)
Entity 28: (643,643) (979,979)
Entity 29: (647,651) (1042,1044)
Entity 30: (668,671) (846,850) (1119,1122) (1136,1136)
Entity 31: (724,724) (737,737) (776,776) (1239,1239)
Entity 32: (726,728) (787,789)
Entity 33: (816,822) (824,827) (829,829)
Entity 34: (956,958) (1498,1502)
Entity 35: (963,963) (1476,1477) (1510,1511)
Entity 36: (1076,1078)
Entity 37: (1094,1097) (1104,1104)
Entity 38: (1180,1184) (1216,1218)
Entity 39: (1227,1229) (1236,1236)
Entity 40: (1247,1248) (1277,1279) (1296,1300)
Entity 41: (1374,1375) (1390,1391) (1428,1429)
Entity 42: (1529,1530) (1570,1571)
Entity 43: (1590,1592) (1595,1595)
Entity 44: (1624,1632) (1635,1637)
====> (wb/Rhodes_piano); part 000:
File (wb/Rhodes_piano); part 000:
Entity 0: (4,6) (11,11) (10,11) (16,16) (30,30) (38,38) (51,51) (77,77) (76,77) (84,86) (98,99) (97,99) (112,112) (149,151) (169,169) (169,171) (178,179) (185,189) (192,193) (191,193) (197,197) (196,197) (207,208) (221,221) (223,225) (233,234) (245,245) (261,265) (292,292) (291,292) (295,298) (310,310) (320,321) (328,328) (326,328) (337,338) (341,345) (356,357) (368,369) (379,380) (402,403) (401,405) (421,422) (444,444) (627,627) (627,628) (647,649) (655,656) (655,657) (698,699) (726,726) (737,737) (772,773) (780,780) (827,827) (826,827) (825,827) (824,827) (850,850) (912,912) (1060,1060) (1125,1125) (1177,1178) (1239,1239)
Entity 1: (196,196) (1124,1125)
Entity 2: (200,200) (199,200)
Entity 3: (394,396) (401,403) (794,795) (1428,1430)
Entity 4: (787,789) (1657,1658)
Entity 5: (920,920) (1453,1454)
Entity 6: (924,928) (1429,1429) (1429,1430) (1452,1454)
(wb/Rhodes_piano); part 000:
Total key mentions: 161
Total response mentions: 80
Strictly correct identified mentions: 28
Partially correct identified mentions: 0
No identified: 133
Invented: 52
Recall: (1.02610441767068 / 45) 2.28%\tPrecision: (1.02610441767068 / 7) 14.65%\tF1: 3.94%
--------------------------------------------------------------------------
====> (wb/Blood_on_the_Tracks); part 000:
File (wb/Blood_on_the_Tracks); part 000:
Entity 0: (0,3) (23,24) (44,45) (55,72) (86,86) (88,88) (114,117) (120,120) (162,163) (186,186) (206,207) (242,243) (295,298) (331,332) (426,429) (546,547) (764,765) (773,775) (827,830) (842,844)
Entity 1: (12,13) (26,27) (67,68) (97,97) (110,110) (134,134) (143,143) (247,248) (277,277) (287,287) (317,317) (322,322) (355,355) (386,387) (391,391) (397,397) (408,408) (415,415) (423,423) (448,448) (459,459) (463,463) (470,470) (521,521) (540,540) (561,561) (564,564) (589,589) (627,627) (639,639) (642,642) (700,701) (704,704) (746,746) (791,791) (812,812)
Entity 2: (20,21) (30,30) (280,281) (567,572) (767,767) (823,823)
Entity 3: (138,139) (151,152) (289,309) (346,347) (358,359) (461,462) (472,472) (487,487) (497,497) (505,505)
Entity 4: (143,146) (154,154)
Entity 5: (319,320) (336,337) (349,350)
Entity 6: (364,365) (379,380) (405,405)
Entity 7: (367,368) (383,384) (402,402)
Entity 8: (439,452) (476,476) (480,480) (495,495) (518,518) (528,528)
Entity 9: (450,452) (725,727)
Entity 10: (483,484) (510,510)
Entity 11: (600,608) (613,613)
Entity 12: (653,654) (658,659)
Entity 13: (672,673) (675,675)
Entity 14: (672,678) (694,694)
Entity 15: (675,678) (710,711)
====> (wb/Blood_on_the_Tracks); part 000:
File (wb/Blood_on_the_Tracks); part 000:
Entity 0: (20,20) (23,24) (26,26) (26,27) (30,30) (44,45) (55,56) (67,68) (86,86) (88,88) (97,97) (101,101) (110,110) (120,120) (134,134) (138,139) (143,143) (151,152) (162,163) (186,186) (206,207) (242,243) (247,248) (277,277) (280,280) (287,287) (289,290) (297,298) (317,317) (320,320) (319,320) (322,322) (328,329) (331,332) (336,336) (336,337) (346,347) (349,349) (349,350) (355,355) (358,359) (364,365) (367,368) (380,380) (379,380) (383,383) (384,384) (383,384) (386,386) (386,387) (391,391) (397,397) (402,402) (405,405) (435,436) (474,474) (483,484) (518,518) (519,519) (518,519) (561,561) (586,586) (584,586) (589,589) (594,595) (615,615) (653,654) (659,659) (658,659) (692,692) (704,704) (812,812) (823,823)
(wb/Blood_on_the_Tracks); part 000:
Total key mentions: 103
Total response mentions: 73
Strictly correct identified mentions: 48
Partially correct identified mentions: 0
No identified: 55
Invented: 25
Recall: (0.348623853211009 / 16) 2.17%\tPrecision: (0.348623853211009 / 1) 34.86%\tF1: 4.1%
--------------------------------------------------------------------------
====> (wb/Method_of_Fluxions); part 000:
File (wb/Method_of_Fluxions); part 000:
Entity 0: (0,2) (10,11) (43,44) (161,165)
Entity 1: (7,8) (24,25) (33,33) (40,40) (70,70) (76,76) (97,98) (122,122) (137,138) (161,162) (196,196) (200,200)
Entity 2: (22,22) (203,203)
Entity 3: (59,62) (89,90)
Entity 4: (105,106) (108,108) (134,134) (173,174)
Entity 5: (108,109) (115,115) (177,178) (191,192)
====> (wb/Method_of_Fluxions); part 000:
File (wb/Method_of_Fluxions); part 000:
Entity 0: (10,11) (22,22) (24,24) (24,25) (33,33) (40,40) (43,44) (70,70) (76,76) (97,97) (97,98) (105,106) (108,108) (115,115) (122,122) (134,134) (137,137) (137,138) (161,161) (161,162) (165,165) (173,173) (173,174) (177,178) (184,186) (191,192) (196,196) (200,200) (203,203)
(wb/Method_of_Fluxions); part 000:
Total key mentions: 28
Total response mentions: 29
Strictly correct identified mentions: 22
Partially correct identified mentions: 0
No identified: 6
Invented: 7
Recall: (0.536585365853659 / 6) 8.94%\tPrecision: (0.536585365853659 / 1) 53.65%\tF1: 15.33%
--------------------------------------------------------------------------

====== TOTALS =======
Identification of Mentions: Recall: (98 / 292) 33.56%\tPrecision: (98 / 182) 53.84%\tF1: 41.35%
--------------------------------------------------------------------------
Coreference: Recall: (1.91131363673535 / 67) 2.85%\tPrecision: (1.91131363673535 / 9) 21.23%\tF1: 5.02%
--------------------------------------------------------------------------

METRIC blanc:
====> (wb/Method_of_Fluxions); part 000:
File (wb/Method_of_Fluxions); part 000:
Entity 0: (0,2) (10,11) (43,44) (161,165)
Entity 1: (7,8) (24,25) (33,33) (40,40) (70,70) (76,76) (97,98) (122,122) (137,138) (161,162) (196,196) (200,200)
Entity 2: (22,22) (203,203)
Entity 3: (59,62) (89,90)
Entity 4: (105,106) (108,108) (134,134) (173,174)
Entity 5: (108,109) (115,115) (177,178) (191,192)
====> (wb/Method_of_Fluxions); part 000:
File (wb/Method_of_Fluxions); part 000:
Entity 0: (10,11) (22,22) (24,24) (24,25) (33,33) (40,40) (43,44) (70,70) (76,76) (97,97) (97,98) (105,106) (108,108) (115,115) (122,122) (134,134) (137,137) (137,138) (161,161) (161,162) (165,165) (173,173) (173,174) (177,178) (184,186) (191,192) (196,196) (200,200) (203,203)
:
Total key mentions: 28
Total response mentions: 29
Strictly correct identified mentions: 22
Partially correct identified mentions: 0
No identified: 6
Invented: 7
====> (wb/Blood_on_the_Tracks); part 000:
File (wb/Blood_on_the_Tracks); part 000:
Entity 0: (0,3) (23,24) (44,45) (55,72) (86,86) (88,88) (114,117) (120,120) (162,163) (186,186) (206,207) (242,243) (295,298) (331,332) (426,429) (546,547) (764,765) (773,775) (827,830) (842,844)
Entity 1: (12,13) (26,27) (67,68) (97,97) (110,110) (134,134) (143,143) (247,248) (277,277) (287,287) (317,317) (322,322) (355,355) (386,387) (391,391) (397,397) (408,408) (415,415) (423,423) (448,448) (459,459) (463,463) (470,470) (521,521) (540,540) (561,561) (564,564) (589,589) (627,627) (639,639) (642,642) (700,701) (704,704) (746,746) (791,791) (812,812)
Entity 2: (20,21) (30,30) (280,281) (567,572) (767,767) (823,823)
Entity 3: (138,139) (151,152) (289,309) (346,347) (358,359) (461,462) (472,472) (487,487) (497,497) (505,505)
Entity 4: (143,146) (154,154)
Entity 5: (319,320) (336,337) (349,350)
Entity 6: (364,365) (379,380) (405,405)
Entity 7: (367,368) (383,384) (402,402)
Entity 8: (439,452) (476,476) (480,480) (495,495) (518,518) (528,528)
Entity 9: (450,452) (725,727)
Entity 10: (483,484) (510,510)
Entity 11: (600,608) (613,613)
Entity 12: (653,654) (658,659)
Entity 13: (672,673) (675,675)
Entity 14: (672,678) (694,694)
Entity 15: (675,678) (710,711)
====> (wb/Blood_on_the_Tracks); part 000:
File (wb/Blood_on_the_Tracks); part 000:
Entity 0: (20,20) (23,24) (26,26) (26,27) (30,30) (44,45) (55,56) (67,68) (86,86) (88,88) (97,97) (101,101) (110,110) (120,120) (134,134) (138,139) (143,143) (151,152) (162,163) (186,186) (206,207) (242,243) (247,248) (277,277) (280,280) (287,287) (289,290) (297,298) (317,317) (320,320) (319,320) (322,322) (328,329) (331,332) (336,336) (336,337) (346,347) (349,349) (349,350) (355,355) (358,359) (364,365) (367,368) (380,380) (379,380) (383,383) (384,384) (383,384) (386,386) (386,387) (391,391) (397,397) (402,402) (405,405) (435,436) (474,474) (483,484) (518,518) (519,519) (518,519) (561,561) (586,586) (584,586) (589,589) (594,595) (615,615) (653,654) (659,659) (658,659) (692,692) (704,704) (812,812) (823,823)
:
Total key mentions: 103
Total response mentions: 73
Strictly correct identified mentions: 48
Partially correct identified mentions: 0
No identified: 55
Invented: 25
====> (wb/Rhodes_piano); part 000:
File (wb/Rhodes_piano); part 000:
Entity 0: (0,2) (16,16) (41,49) (51,51) (76,77) (79,87) (97,99) (112,112) (178,179) (356,357) (379,380) (558,558) (792,796) (819,822) (989,990) (1082,1084) (1201,1203) (1241,1243) (1368,1369)
Entity 1: (10,11) (196,197) (221,221) (245,245) (291,292) (310,310) (433,433) (437,437) (441,441) (700,700) (698,700) (727,727) (779,780) (784,785) (788,788) (799,799) (835,835) (1122,1122) (1231,1234) (1591,1591)
Entity 2: (30,30) (425,427) (438,438) (493,493) (894,894)
Entity 3: (33,33) (429,429) (896,896)
Entity 4: (38,38) (423,423) (444,444) (625,625) (675,675) (692,692) (730,730) (891,891)
Entity 5: (57,67) (997,998) (1023,1024)
Entity 6: (66,67) (1027,1028) (1320,1322)
Entity 7: (105,105) (710,711)
Entity 8: (123,123) (1524,1525) (1567,1568)
Entity 9: (159,159) (665,665) (1130,1130)
Entity 10: (169,171) (295,298) (812,814)
Entity 11: (181,181) (805,805) (808,808)
Entity 12: (183,183) (199,201)
Entity 13: (185,189) (223,225) (261,265) (277,279)
Entity 14: (268,268) (271,271)
Entity 15: (304,304) (1188,1188)
Entity 16: (316,317) (1410,1411) (1420,1420)
Entity 17: (323,328) (871,872)
Entity 18: (341,357) (460,462) (869,873)
Entity 19: (367,370) (464,465) (912,914)
Entity 20: (386,387) (1421,1421)
Entity 21: (394,396) (401,405)
Entity 22: (451,455) (482,484) (965,967) (1395,1403) (1406,1407) (1415,1415) (1416,1416) (1439,1439) (1479,1479)
Entity 23: (469,474) (900,903)
Entity 24: (478,484) (552,554) (932,938)
Entity 25: (536,539)
Entity 26: (576,576) (931,931) (1269,1269)
Entity 27: (620,620) (712,712)
Entity 28: (643,643) (979,979)
Entity 29: (647,651) (1042,1044)
Entity 30: (668,671) (846,850) (1119,1122) (1136,1136)
Entity 31: (724,724) (737,737) (776,776) (1239,1239)
Entity 32: (726,728) (787,789)
Entity 33: (816,822) (824,827) (829,829)
Entity 34: (956,958) (1498,1502)
Entity 35: (963,963) (1476,1477) (1510,1511)
Entity 36: (1076,1078)
Entity 37: (1094,1097) (1104,1104)
Entity 38: (1180,1184) (1216,1218)
Entity 39: (1227,1229) (1236,1236)
Entity 40: (1247,1248) (1277,1279) (1296,1300)
Entity 41: (1374,1375) (1390,1391) (1428,1429)
Entity 42: (1529,1530) (1570,1571)
Entity 43: (1590,1592) (1595,1595)
Entity 44: (1624,1632) (1635,1637)
====> (wb/Rhodes_piano); part 000:
File (wb/Rhodes_piano); part 000:
Entity 0: (4,6) (11,11) (10,11) (16,16) (30,30) (38,38) (51,51) (77,77) (76,77) (84,86) (98,99) (97,99) (112,112) (149,151) (169,169) (169,171) (178,179) (185,189) (192,193) (191,193) (197,197) (196,197) (207,208) (221,221) (223,225) (233,234) (245,245) (261,265) (292,292) (291,292) (295,298) (310,310) (320,321) (328,328) (326,328) (337,338) (341,345) (356,357) (368,369) (379,380) (402,403) (401,405) (421,422) (444,444) (627,627) (627,628) (647,649) (655,656) (655,657) (698,699) (726,726) (737,737) (772,773) (780,780) (827,827) (826,827) (825,827) (824,827) (850,850) (912,912) (1060,1060) (1125,1125) (1177,1178) (1239,1239)
Entity 1: (196,196) (1124,1125)
Entity 2: (200,200) (199,200)
Entity 3: (394,396) (401,403) (794,795) (1428,1430)
Entity 4: (787,789) (1657,1658)
Entity 5: (920,920) (1453,1454)
Entity 6: (924,928) (1429,1429) (1429,1430) (1452,1454)
:
Total key mentions: 161
Total response mentions: 80
Strictly correct identified mentions: 28
Partially correct identified mentions: 0
No identified: 133
Invented: 52

====== TOTALS =======
Identification of Mentions: Recall: (98 / 292) 33.56%\tPrecision: (98 / 182) 53.84%\tF1: 41.35%
--------------------------------------------------------------------------

Coreference:
Coreference links: Recall: (348 / 1518) 22.92%\tPrecision: (348 / 5066) 6.86%\tF1: 10.57%
--------------------------------------------------------------------------
Non-coreference links: Recall: (52 / 16993) 0.3%\tPrecision: (52 / 1128) 4.6%\tF1: 0.57%
--------------------------------------------------------------------------
BLANC: Recall: (0.116154547710764 / 1) 11.61%\tPrecision: (0.0573962699459335 / 1) 5.73%\tF1: 5.57%
--------------------------------------------------------------------------
'


